1000017107
1000019330
1000020509
1000032983
1000036266
1000047994
1000049471
1000061334
1000065066
1000066667
1000076212
1000076434
1000118519
1000118649
1000126522
1000134334
1000145878
1000148774
1000156608
1000157839
1000158593
1000179720
1000181654
1000184958
1000213936
1000214264
1000218190
1000220155
1000221812
1000224912
1000225078
1000236392
1000241415
1000254020
1000254792
1000255646
1000257888
1000284415
1000285852
1000323721
1000325351
1000332775
1000338883
1000363707
1000372282
1000376558
1000383410
1000384706
1000464950
1000465725
1000472194
1000473484
1000474014
1000474388
1000492968
1000502453
1000503754
1000505523
1000518216
1000520604
1000579473
1000588776
1000591697
1000591997
1000592311
1000596176
1000601503
1000603096
1000616910
1000687826
1000706427
1000707625
1000713498
1000722499
1000724576
1000726610
1000731214
1000776543
1000776544
1000781588
1000781771
1000783521
1000792505
1000794330
1000805645
1000831233
1000851591
1000852266
1000855800
1000855928
1000858403
1000861740
1000861958
1000935776
1000942445
1000948935
1000950270
1000968846
1000973019
1000974482
1000983749
1000987185
1001044228
1001044931
1001058104
1001059550
1001062250
1001064624
1001064935
1001067196
1001077685
1001077814
1001083381
1001089359
1001097810
1001169339
1001170819
1001173084
1001173679
1001185100
1001188741
1001191514
1001191560
1001196445
1001199470
1001205080
1001217483
1001218364
1001277914
1001280935
1001282445
1001284764
1001297257
1001298416
1001315224
1001315556
1001324805
1001328930
1001330189
1001331831
1001342339
1001346707
1001347774
1001875255
1002059756
1002208083
1002250547
1002365148
1002370284
1002394236
1002395060
1002397234
1002408248
1002413864
1002457837
1002458171
1002522850
1002523157
1002523257
1002527378
1002528645
1002537297
1002549423
1002556721
1002559090
1002559688
1002565121
1002582797
1002583410
1002605032
1002606960
1002646585
1002646814
1002709603
1002726745
1002735763
1002758938
1002987903
1003042683
1003068028
1003230989
1003231260
1003265606
1003375979
1003517973
1003520192
1003540902
1003562211
1003563081
1003565113
1003661587
1003698910
1003812218
1003812681
1003824117
1003967210
1004063645
1004134970
1004153600
1004188548
1004206228
1004215006
1004347083
1004358507
1004410937
1004508367
1004539517
1004561399
1004607128
1004636632
1004638038
1004639935
1004691375
1004692189
1004730465
1004771448
1004841873
1004916880
1004996957
1004997543
1005150136
1005176381
1005238441
1005282062
1005325413
1005337653
1005338920
1005450029
1005640484
1005650552
1005650998
1005755270
1005840078
1006116012
1006118973
1006149525
1006206217
1006414717
1006514480
1006731702
1006731872
1006733180
1006743315
1006788003
1006799460
1006827247
1006846070
1006880701
1006889511
1006907669
1006908102
1006978189
1007012982
1007101888
1007135191
1007141023
1007146673
1007227962
1007227963
1007234663
1007244232
1007249401
1007257592
1007271014
1007305384
1007305393
1007318098
1007364819
1007366148
1007366848
1007370702
1007375920
1007379236
1007379443
1007383564
1007389204
1007391204
1007401887
1007413365
1007415971
1007416570
1007428933
1007435569
1007475446
1007475452
1007521041
1007524229
1007536678
1007539879
1007569117
1007597248
1007646367
1007648104
1007648528
1007674446
1007678509
1007693693
1007699211
1007702783
1007735437
1007760648
1007765535
1007771762
1007823742
1007863170
1007877202
1007896161
1007917996
1007959945
1010000129
1010002893
1010002925
1010003070
1010006310
1010009332
1010011871
1010021418
1010025239
1010027201
1010027790
1010028045
1010028917
1010032983
1010033284
1010037731
1010041220
1010047657
1010055790
1010060606
1010066846
1010071108
1010093421
1010094270
1010109669
1010110509
1010117159
1010121305
1010122324
1010126104
1010131793
1010136394
1010136629
1010143853
1010145503
1010177924
1010185730
1010187118
1010191658
1010193559
1010194693
1010195539
1010196894
1010200628
1010202240
1010202386
1010202793
1010203246
1010204228
1010204415
1010205695
1010207480
1010215281
1010215497
1010217049
1010218571
1010218899
1010219049
1010219951
1010221595
1010221930
1010225596
1010226633
1010227183
1010228541
1010229150
1010230424
1010231549
1010232221
1010232612
1010235430
1010238541
1010239881
1010240356
1010241837
1010242023
1010242225
1010243969
1010244651
1010248991
1012352960
1012369905
1012373819
1012378386
1012386555
1012386703
1012386770
1012387614
1012388307
1012389841
1012390342
1012398209
1012408228
1012408321
1012412459
1012416655
1012418604
1012422483
1012425553
1012427206
1012428167
1012429203
1012430335
1012438605
1012440170
1012450802
1012463947
1013585283
1013619206
1013620681
1013623713
1013626507
1013626820
1013628535
1013628943
1013629580
1013632457
1013634431
1013634562
1013635432
1013636175
1013636600
1013636705
1013637026
1013637557
1013639276
1013639789
1013639801
1013639872
1013641944
1013642715
1013642753
1013643464
1013646084
1013646263
1013648544
1013650711
1013653705
1013655899
1013656071
1013661806
1013662721
1013662961
1013663490
1013664665
1013664719
1013665845
1013666937
1013666993
1013667318
1013667680
1013673975
1013674427
1013675020
1013676706
1013677575
1013679582
1013680679
1013683511
1013683947
1013684132
1013684770
1013686245
1013686986
1013689166
1013691333
1014194013
1014197345
1014197562
1014198336
1014199728
1014203378
1014205201
1014208799
1014209603
1014210390
1014212926
1014214846
1014216105
1014216877
1014217728
1014218166
1014218178
1014218312
1014220738
1014221286
1014221516
1014221936
1014222141
1014225092
1014226696
1014226827
1014227222
1014227366
1014232148
1014232265
1014232447
1014233271
1014233473
1014233541
1014233574
1014234059
1014234371
1014234548
1014236371
1014236964
1014237159
1014237575
1014237828
1014238581
1014239854
1014240705
1014241079
1014241239
1014241899
1014243448
1014243458
1014243689
1014243840
1014243928
1014245533
1014246443
1014246919
1014247072
1014247748
1014248010
1014248225
1014249256
1014249845
1014249855
1014249973
1014250250
1014251165
1014251495
1014251522
1014253122
1014253362
1014253480
1014254013
1014255928
1014261076
1014261296
1014261299
1014262383
1014262389
1014263158
1014263257
1014263407
1014263780
1014263880
1014264012
1014264186
1014264501
1014264728
1014265324
1014266750
1014267166
1014267468
1014269367
1014270993
1014271033
1014276289
1014277704
1014278643
1014278974
1014280169
1014280857
1014281297
1014282662
1014283307
1014286254
1014290337
1014292083
1014293534
1014293816
1014294089
1014296179
1014297210
1014298388
1014298620
1014299268
1014300616
1014300841
1014301365
1014301594
1014302042
1014304613
1014304667
1014307408
1014308268
1014308663
1014309034
1014309208
1014309298
1014673266
1015395193
1015398766
1015402604
1015407423
1015408798
1015412925
1015413187
1015417138
1015420702
1015422065
1015422257
1015422544
1015422864
1015423156
1015423269
1015423377
1015424410
1015425982
1015426194
1015426196
1015426975
1015427115
1015428652
1015428991
1015429611
1015430477
1015432824
1015432988
1015433582
1015433822
1015434984
1015435875
1015436211
1015437019
1015437228
1015438342
1015438430
1015439148
1015440447
1015440826
1015441094
1015441761
1015442100
1015442531
1015443531
1015444215
1015445891
1015446751
1015446955
1015446981
1015447421
1015447900
1015448012
1015448090
1015448768
1015449652
1015450233
1015450305
1015450838
1015450956
1015450988
1015451097
1015451192
1015452962
1015455239
1015457056
1015461356
1015461371
1015461702
1015462773
1015463848
1015464019
1015464147
1015464758
1015466547
1015468229
1015469235
1015469300
1015470012
1015470679
1015471300
1015471666
1015472637
1015473170
1015474121
1015478207
1015479499
1015482269
1015484463
1015996768
1016014291
1016018198
1016020055
1016025310
1016025911
1016026093
1016028751
1016033283
1016035529
1016036674
1016036889
1016037962
1016038968
1016039082
1016040462
1016040887
1016041475
1016043524
1016046199
1016047347
1016048095
1016049773
1016049920
1016050929
1016053636
1016057037
1016057194
1016058356
1016059680
1016060407
1016060888
1016064867
1016065071
1016066007
1016066836
1016066904
1016067116
1016067550
1016068015
1016069972
1016071846
1016075135
1016076184
1016076630
1016079399
1016081656
1016081722
1016081796
1016083374
1016084368
1016084396
1016084775
1016085000
1016087596
1016087854
1016089188
1016090266
1016090901
1016094823
1016095513
1016095740
1016097360
1016098535
1016098562
1016104206
1016104905
1016105752
1016107325
1016107523
1016109739
1016110556
1016111210
1016111588
1016112381
1016112584
1017198541
1018412176
1018413486
1018414013
1018414381
1018419918
1018423484
1018428410
1018430574
1018431547
1018433994
1018436574
1018437847
1018438536
1018438987
1018440259
1018442951
1018443204
1018444047
1018444241
1018445444
1018446482
1018447140
1018448507
1018448860
1018449224
1018449598
1018451630
1018451884
1018451997
1018452021
1018452164
1018452252
1018452484
1018454385
1018455229
1018455751
1018455799
1018456463
1018456990
1018457338
1018457794
1018458319
1018458444
1018458922
1018459058
1018460822
1018461075
1018461423
1018462046
1018462594
1018463099
1018464967
1018466244
1018466975
1018469759
1018470306
1018470904
1018470920
1018471423
1018471696
1018471927
1018472043
1018472146
1018473112
1018473340
1018474077
1018474198
1018474227
1018474406
1018475185
1018475203
1018475291
1018475292
1018475392
1018475460
1018476507
1018476882
1018477944
1018477975
1018478067
1018478620
1018479665
1018479843
1018479987
1018480054
1018480461
1018480861
1018481262
1018482275
1018482717
1018483330
1018484061
1018484447
1018484726
1018485320
1018485547
1018486445
1018486698
1018487202
1018487764
1018487940
1018488208
1018488544
1018488801
1018489234
1018489434
1018489457
1018489588
1018491041
1018491755
1018492621
1018493604
1018493841
1018493944
1018494538
1018494714
1018494767
1018495655
1018496037
1018496624
1018497545
1018498075
1018502579
1018502962
1018503742
1018504856
1018507182
1018507228
1018507519
1018508063
1018508076
1018508097
1018508134
1018509933
1018510019
1018510350
1018512714
1018514802
1019007480
1019007881
1019010988
1019011999
1019016881
1019020441
1019021150
1019033503
1019041221
1019042193
1019044546
1019044628
1019045075
1019045645
1019046804
1019055202
1019056134
1019056638
1019058709
1019059180
1019068217
1019071555
1019072345
1019074596
1019074665
1019074791
1019075259
1019076215
1019077216
1019078709
1019078830
1019079895
1019080351
1019080906
1019081720
1019082456
1019085368
1019085400
1019085672
1019086764
1019087110
1019088282
1019089159
1019089235
1019089455
1019089504
1019090525
1019091078
1019091405
1019091929
1019092316
1019093355
1019094651
1019095025
1019095065
1019095597
1019097434
1019098155
1019098679
1019099573
1019099661
1019100116
1019100630
1019101179
1019102620
1019103471
1019105564
1019105666
1019109134
1019111432
1019115438
1019115459
1019116231
1019117941
1019118088
1019119482
1019120106
1019122648
1019123965
1019124139
1019125998
1019126405
1019126557
1019127005
1019127342
1019130886
1019131016
1019131634
1019132521
1019133184
1019137173
1019137460
1019137520
1019137685
1019138917
1019140217
1019141787
1019141799
1019142534
1019144878
1019150012
1019150193
1019152522
1019152995
1019153750
1019153824
1020751819
1020752152
1020753876
1020755538
1020756555
1020759270
1020759912
1020760320
1020761303
1020761589
1020761666
1020761769
1020762144
1020762273
1020765033
1020765918
1020766250
1020766926
1020768005
1020768452
1020769001
1020769370
1020770194
1020770647
1020772007
1020772273
1020773251
1020773315
1020774194
1020775016
1020775453
1020777710
1020778308
1020779319
1020783317
1020783895
1020783922
1020784869
1020786091
1020786921
1020787607
1020787636
1020788141
1020789431
1020789441
1020790780
1020791938
1020794045
1020796215
1020796629
1020797404
1020797724
1020798804
1020799006
1020799618
1020799763
1020799791
1020799893
1020800357
1020802421
1020803012
1020804854
1020805160
1020806698
1020806896
1020811318
1020812796
1020815361
1020816720
1020817851
1020819009
1020819575
1020819923
1020820783
1020821137
1020821373
1020821440
1020822489
1020822803
1020823631
1020824566
1020824744
1020826241
1020826324
1020826485
1020828895
1020830081
1020830684
1020831429
1020832055
1020832437
1020833111
1020833367
1020835609
1020836101
1020836122
1020836299
1020837279
1020838126
1020838969
1020842221
1022332501
1022356973
1022358279
1022358992
1022363168
1022366119
1022371445
1022371498
1022373497
1022374224
1022374715
1022375186
1022375593
1022377865
1022378774
1022379486
1022379732
1022379829
1022380015
1022380897
1022381897
1022383899
1022387226
1022389029
1022389187
1022389426
1022391840
1022393785
1022394002
1022396360
1022396457
1022396576
1022397800
1022398356
1022398669
1022401187
1022401641
1022402159
1022402956
1022402979
1022403653
1022404191
1022405858
1022405927
1022406294
1022407177
1022407817
1022407997
1022408744
1022408868
1022409632
1022411214
1022412179
1022412753
1022414350
1022414391
1022414911
1022415543
1022418716
1022419331
1022420813
1022421863
1022423042
1022423312
1022427807
1022427978
1022428941
1022429314
1022429334
1022430734
1022431646
1022432945
1022433493
1022434732
1022434995
1022435674
1022436098
1022436165
1022438068
1022438552
1022440280
1022440445
1022441536
1022444987
1022446491
1022954485
1022955353
1022968572
1022973295
1022977813
1022978196
1022981544
1022981758
1022984525
1022985322
1022988781
1022990446
1022992681
1023003953
1023004305
1023009738
1023015379
1023019711
1023861493
1023878165
1023879277
1023897392
1023898565
1023899256
1023902060
1023909070
1023910770
1023917216
1023917839
1023920957
1023923005
1023925144
1023928867
1023930090
1023936508
1023939107
1023941824
1023943464
1023943487
1023944958
1023947442
1023951068
1023955655
1023957779
1023959033
1023961937
1023964460
1023967246
1023968579
1023974360
1023977226
1024462775
1024488768
1024500059
1024509332
1024512062
1024513567
1024515085
1024518083
1024519637
1024520249
1024524053
1024524685
1024527234
1024528810
1024529153
1024530971
1024532159
1024537790
1024539178
1024539809
1024540840
1024543771
1024545773
1024547983
1024548067
1024550045
1024555773
1024556046
1024559269
1024561969
1024564552
1024564782
1024565067
1024570499
1024578227
1024583602
1024585618
1024587832
1024598754
1024601274
1026251600
1026257671
1026271601
1026274724
1026275050
1026275090
1026276051
1026277541
1026277546
1026277635
1026279860
1026281076
1026283221
1026284664
1026287407
1026289962
1026290291
1026295456
1026296186
1026297652
1026297915
1026299118
1026299467
1026301891
1026303986
1026304706
1026560858
1026564020
1026568523
1026568703
1026569097
1026570462
1026570570
1026570742
1026571101
1026573010
1026574147
1026574991
1026575749
1026575940
1026576476
1026576797
1026577536
1026577923
1026578209
1026579048
1026579367
1026581012
1026581148
1026583088
1026584857
1026586133
1026586688
1026587050
1026587051
1026587656
1026588296
1026588367
1026589749
1026590294
1026590553
1026590717
1026590826
1026593190
1026593343
1026593526
1026593739
1026596538
1026598304
1026599658
1026599884
10270013
1030526165
1030554881
1030563967
1030564361
1030564647
1030565062
1030568664
1030570817
1030579218
1030581369
1030582140
1030594441
1030595514
1030595957
1030596489
1030596981
1030598024
1030598759
1030601414
1030601831
1030603032
1030604973
1030606128
1030606725
1030607791
1030608028
1030611038
1030611439
1030612235
1030614055
1030614215
1030614266
1030614761
1030615299
1030615563
1030615640
1030616003
1030616354
1030618873
1030620432
1030621426
1030622710
1030623842
1030624042
1030625159
1030625825
1030625988
1030627623
1030629753
1030631589
1030632315
1030634439
1030645440
1030646882
1030647125
1030649320
1030649577
1030650923
1030653041
1030653603
1030654854
1030656171
1030657784
1030660464
1030665764
1030668493
1030671235
1030673021
1030677600
1030678742
1030680925
1030681168
1030684896
1030685866
1030686421
1030687660
1030695554
1030695837
1030698621
1030699978
1030701696
1031132899
1031134182
1031135063
1031136528
1031142165
1031144312
1031145141
1031149634
1031149723
1031150162
1031152381
1031154043
1031155398
1031161074
1031162603
1031164809
1031167585
1031170500
1031171154
1031172593
1031173475
1031176567
1032369874
1032373681
1032392439
1032392700
1032399088
1032399710
1032402348
1032424120
1032425488
1032434664
1032435126
1032436179
1032438673
1032439982
1032442952
1032443078
1032443132
1032443298
1032444462
1032444765
1032445165
1032445859
1032445861
1032445953
1032446160
1032446710
1032446834
1032446908
1032446925
1032446941
1032447914
1032448594
1032448626
1032448728
1032448801
1032449615
1032449626
1032449638
1032449986
1032450039
1032450657
1032450679
1032450826
1032451112
1032451230
1032451314
1032451343
1032451420
1032451753
1032452203
1032452299
1032452435
1032452861
1032452938
1032453248
1032453252
1032453281
1032453728
1032453781
1032453792
1032453843
1032454266
1032454291
1032454674
1032455071
1032455275
1032456027
1032456081
1032456378
1032456410
1032456698
1032456738
1032456938
1032457238
1032458041
1032458072
1032458101
1032458205
1032458301
1032458313
1032458532
1032459066
1032459094
1032459099
1032459127
1032459293
1032459375
1032459411
1032459412
1032459428
1032459523
1032459671
1032459768
1032459979
1032460282
1032460391
1032460599
1032460688
1032461013
1032461446
1032461722
1032461782
1032462030
1032462124
1032462322
1032462327
1032462355
1032462644
1032462720
1032462746
1032462811
1032463015
1032463132
1032463133
1032463409
1032463414
1032464228
1032464641
1032464767
1032464951
1032465090
1032465139
1032465249
1032465256
1032465365
1032465446
1032465574
1032465585
1032465738
1032465829
1032466133
1032466263
1032466342
1032466742
1032466817
1032466987
1032467253
1032467275
1032467354
1032467444
1032467819
1032467878
1032468303
1032468588
1032469563
1032470356
1032470601
1032470675
1032470994
1032471369
1032471615
1032472063
1032472152
1032472350
1032472679
1032472810
1032472858
1032473303
1032473421
1032473424
1032473446
1032473710
1032474071
1032474657
1032474848
1032474868
1032475131
1032475139
1032475616
1032475641
1032475830
1032476136
1032476210
1032476352
1032476560
1032476586
1032476872
1032476901
1032476911
1032477046
1032477103
1032477188
1032477510
1032477553
1032477969
1032478170
1032478919
1032479341
1032479443
1032479450
1032479462
1032479531
1032479783
1032479858
1032479878
1032479900
1032479901
1032479945
1032480106
1032480822
1032480913
1032481185
1032481641
1032481699
1032481714
1032482319
1032482360
1032482395
1032482545
1032482546
1032482553
1032483107
1032484064
1032484420
1032484800
1032484919
1032485131
1032485170
1032485260
1032485607
1032486044
1032486124
1032486143
1032486158
1032486229
1032486412
1032486657
1032486878
1032487036
1032487578
1032487639
1032487724
1032487839
1032488263
1032488829
1032488855
1032489177
1032489342
1032489958
1032489977
1032490010
1032490268
1032491194
1032491532
1032491656
1032492095
1032492116
1032493036
1032493081
1032493378
1032493657
1032493714
1032494150
1032494327
1032494408
1032494469
1032494509
1032495360
1032495785
1032496232
1032497239
1032497360
1032497721
1032498202
1032498390
1032499184
1032499195
1032499476
1032499537
1032499599
1032499861
1032500097
1032500272
1032500372
1032500963
1032501111
1032501399
1032501441
1032501473
1032501637
1032502250
1032502402
1032502813
1032503126
1032503292
1032503521
1032503722
1032503748
1032504010
1032504160
1032504339
1032504736
1032504760
1032504841
1032504952
1032505038
1032505100
1032505241
1032505436
1032506229
1032506598
1032506636
1032506813
1032506958
1032507252
1032507308
1032507544
1032507639
1032507880
1032508236
1032508873
1033696020
1033699804
1033722857
1033734710
1033738173
1033747630
1033747674
1033755649
1033758163
1033758864
1033772741
1033774136
1033791162
1033798249
1033798262
1033801104
1033804566
1033805350
1033817004
1036959953
1045676352
1047421718
1048064354
1048850640
1049608073
1049613280
1049614738
1049619473
1049630351
1049631625
1049635121
1049635670
1049639989
1049640233
1049642600
1049646395
1049646832
1049648229
1049648434
1049650115
1049650525
1049654735
1049655661
1049655859
1049657611
1049657798
1050200464
1051336444
1051477164
1052079023
1052381723
1052387330
1052390312
1052390361
1052391018
1052391185
1052391420
1052393329
1052393485
1052395317
1052395459
1052396303
1052398633
1052398888
1052399418
1052399637
1052399778
1052400107
1052400518
1052402051
1052402229
1052403751
1052404371
1052404786
1052405927
1052409415
1052409788
1052409891
1052412718
1052414261
1052414490
1052415789
1052416798
1052417082
1052570111
1053332413
1053338469
1053340514
1053340610
1053340952
1053341438
1053343759
1053344164
1053609720
1053609973
1053610803
1053610932
1053610964
1053611016
1053611261
1053611377
1053612324
1053613013
1053617179
1053809184
1053865492
1054678418
1054801709
1054802209
1055273537
1056029545
1056030237
1056552744
1056709698
1056908471
1057412571
1057546827
1057574490
1057579786
1057580951
1057582989
1057588604
1057591456
1057596311
1057596722
1057597021
1057597932
1057598288
1057599959
1057603553
1057607007
1057607794
1057609237
1058431227
1058431386
1061199180
1061710804
1061752103
1061798143
1062299881
1062913050
1065005760
1065633005
1065636653
1067925689
1068929993
1068976297
1069099524
1069720753
1069728725
1069732320
1069758014
1069758324
1069763867
1069925861
1070008815
1070015863
1070020083
1070023036
1070330050
1070708380
1070917487
1070919369
1070923958
1070924774
1070925154
1070925307
1070926278
1070947280
1070960963
1070961110
1070963453
1070965271
1070967506
1070968974
1070969070
1070969235
1070972595
1070979994
1070981731
1070983075
1070984225
1070985336
1070985559
1070985887
1070990387
1071143217
1071167551
1071168017
1071168286
1072073013
1072191299
1072191358
1072262086
1072366624
1072655122
1072658249
1072658933
1072659641
1072660028
1072661768
1072662167
1072663803
1072665348
1072667100
1072667627
1072669159
1072673760
1072703824
1072704332
1072704568
1072708398
1072709738
1072716267
1072717451
1073156065
1073164620
1073166208
1073173751
1073234192
1073234691
1073236663
1073243609
1073244770
1073250556
1073383041
1073516400
1073516803
1073524848
1073695370
1073710292
1074132209
1074135408
1074417559
1074557792
1074929906
1075262233
1075281384
1075285416
1075293129
1075293131
1075300232
1075311578
1075315048
1075322119
1075663373
1075669419
1075669799
1075672507
1075672632
1075673429
1075675698
1075676442
1075678114
1075678156
1075678512
1075678537
1075680218
1075681797
1075682389
1075684167
1075877373
1076333327
1076623478
1076624642
1076624830
1076626469
1076656131
1076658874
1076663782
1076666241
1077087403
1077144761
1077146390
1077147575
1077147875
1077148936
1077149198
1077294179
1077942107
1077968526
1078368901
1078369061
1079606560
1080933353
1081409037
1081595092
1082658245
1083885579
1085288600
1085291492
1085303730
1085307038
1085329865
1085335441
1085335590
1085344478
1085932018
1085942420
1086054236
1086895514
1087106782
1087189467
1087196716
1087197255
1087201204
1087204846
1087208285
1087426549
1087751536
1088217772
1088277106
1088649764
1088652643
1089001861
1089846746
1089847157
1089848057
1090176469
1090416637
1090423507
1090427720
1090436305
1090453568
1090482634
1090483425
1090489835
1090494120
1090505903
1090515055
1090522724
1090528547
1092341814
1093783093
1093783544
1093793414
1094580633
1094926811
1094939346
1094970689
1094976254
1095842488
1096619411
1096954689
1096957977
1097403011
1098662744
1098688564
1098691709
1098729942
1098730532
1098750544
1098757606
1098761805
1098763891
1098775047
1098781093
1098787690
1098788042
1098805749
1098808290
1098823291
1099215578
1099217405
1099217552
1100959222
1100965118
1100965930
1100973121
1101019386
1101176849
1101177941
1101179416
1101687828
1101759103
1102847354
1103217301
1103713734
1104698308
1104702118
1104711770
1105681813
1105790866
1106485033
1106777859
1110475661
1110519113
1110521145
1110523819
1110536776
1110537027
1110540096
1110546810
1110548353
1110553595
1110591670
1110595906
1110598651
1110602663
1113304960
1113655470
1113668331
1113669511
1113687052
1115070580
1116131551
1116435236
1116501914
1116550188
1116793439
1116794305
1116795015
1116795280
1116796726
1116797524
1116799862
1116805142
1116807479
1116809537
1116810017
1116810898
1116866060
1117460619
1118124082
1118124794
1118125518
1118125533
1118544736
1118549309
1118551720
1118558331
1118561415
1118562152
1118563559
1118566956
1118567608
1118571527
1118572873
1118574617
1119890649
1120376614
1120384654
1120565662
1120569326
1120570815
1120574278
1120582454
1121206148
1121208042
1121208309
1121208336
1121210701
1121211112
1121212467
1121213704
1121214761
1121216092
1121220090
1121220572
1121300521
1121709285
1121713037
1121860477
1121869828
1121873797
1121876398
1121884285
1121885762
1121900864
1121901751
1121906998
1121915479
1121918549
1121924093
1121929962
1121930798
1121931988
1121933685
1121938185
1121945510
1121947304
1121948328
1121955329
1121956722
1122119537
1122135676
1122141584
1122646974
1122783247
1122783335
1122783891
1122784185
1122784450
1122784945
1122785685
1123087631
1123304108
1123313035
1123317416
1123317892
1123512743
1123625950
1123629952
1123632203
1123633262
1123634415
1123636007
1123636575
1123638738
1123638865
1124312862
1124313382
1124313545
1124315611
1124315855
1124851571
1124851847
1124854859
1125470944
1125474121
1125760199
1125795948
1126078033
1127073278
1127073790
1127077745
1127078749
1127212090
11302327
1130620980
1130655964
1136882521
1136883454
1136884725
1136885686
1136885901
1136885956
1136885974
1136886184
1136886399
1136887080
1136887229
1136888589
1136889200
1136889524
1136889848
1136889878
1140434168
1140846662
1140863076
1140878931
1143128674
1143130537
1143876973
1143986286
1144045427
1144081572
1144206486
1152464657
1192767361
1192779456
1192781485
1192787348
1192788423
1192793049
1192793089
1192806919
1192899649
1192923864
1193035669
1193071680
1193078662
1193092606
1193096924
1193104242
1193111237
1193126162
1193135032
1193142673
1193236279
1193273102
1193276039
1193378597
1193419129
1193428025
1193455338
1193458478
1193475245
1193511561
1193518487
1193527304
1193527382
1193536369
1193539190
1193545400
1193553958
1193571454
1193604429
1214742242
1216968203
12210515
1232397065
1233489248
1233490580
1233495457
1233495712
1233497063
1233498132
1233500839
1233500930
1233501748
1233506332
1233509244
1233690861
1233692249
1233692885
1233693039
1233889262
1233891550
1233891665
1233892038
1233892048
1233894895
1233896962
1233899531
1233901777
1233903247
1233904918
1233909519
1233910041
1233912583
1233913537
1234789266
12873688
14CC40189
17CR07501
18011891
18112843
18130518
18205466
3159477
35199593
409026
51989865
52460878
52820583
53131287
6227768
6549337
74381483
78077620
79590543
79623342
79695731
79893145
79961155
79993590
80033669
80037908
80074627
80100501
80116630
80140205
80167594
80196958
80210820
80218698
80240108
80468499
80722824
80725023
80739482
80777956
80797205
80842717
80843568
80844185
80853355
80855036
80873863
80903354
87219349
87947776
87949132
90100257601
91012506746
91052566180
91060101014
91060255844
91060557662
91073012894
91081104358
91082802580
91083002978
91090305161
91100159673
91100406085
91111751949
91112601762
91112702690
91121201149
91122004703
91391377
91478755
92010810703
92010911348
92012557070
92020557534
92021758762
92022502621
92030509040
92040874722
92041256240
92041652561
92041674450
92042303447
92042656501
92042874746
92051077522
92051927666
92060975754
92061566165
92061609301
92062751144
92062951372
92070257345
92072366087
92090153961
92091450706
92101802622
92103178667
92110653966
92121029849
92121351503
93021408903
93032305987
93033129147
93040304922
93042005108
93051009361
93062906543
93070811853
93091102682
93101507637
93111707306
93120430406
93121800622
94011627140
94012800988
94020206602
94020209644
94021314530
94022106966
94030815321
94050701080
94052806288
94062502805
94071302983
94080226629
94091502466
94100301576
94100500161
94122115946
94122422083
95013019895
95020405326
95021121402
95022128435
95032917829
95041112264
95042229300
95042319067
95053105085
95061407872
95070106621
95070711487
95071108202
95071517420
95071809421
95071907644
95080414006
95082406841
95082905589
95091914523
95092522467
95110316187
95110816023
95111304204
95112606964
95121831229
95122105203
96010200668
96010714300
96011600384
96013008229
96022503224
96022710165
96030129501
96030301185
96030506160
96031807864
96041104446
96041608649
96041905945
96050503701
96050913420
96052323743
96052818084
96060806966
96070220404
96070505018
96071116880
96080604383
96080811982
96091216008
96093023029
96101810604
96102808204
96110227423
96120425525
96120707342
96121215958
96121220692
96122605989
97011006926
97020214329
97022514427
97030205093
97031905749
97032710305
97033005508
97040115505
97041704121
97050713842
97050811208
97052108342
97060415262
97061203277
97061301783
97072702348
97072719933
97080607915
97080821801
97081203336
97081312781
97082407450
97090719339
97101306961
97102609402
97110110549
97111503722
97112313366
97120112019
97120423820
97120507536
97122001745
97122718208
98012753047
98012857128
98021858404
98022854127
98030461851
98030767314
98040759280
98042256480
98042556823
98051363116
98052263085
98052656168
98052857821
98062051990
98062267666
98070355728
98070451824
98071362060
98071670104
98080652240
98080662084
98080760426
98080951701
98082568425
98082653767
98082857168
98082966650
98090158040
98091856263
98092259226
98092975088
98100351765
98100560836
98101060608
98102261364
98110605005
98111150710
98111965900
98112256466
98112302077
98112409041
98112708960
98120764802
98121520702
99010207564
99011305683
99012508804
99020309918
99020411224
99021018542
99021616202
99021707488
99022614548
99030604691
99030803821
99030920062
99031715691
99032009529
99032901430
99033103251
99040618569
99041202528
99041706380
99042309881
99042816546
99050204258
99051104486
99052404882
99052408845
99052702786
99060305338
99060604513
99061700087
99062906967
99071309866
99071312441
99072303764
99072701883
99080109527
99081101996
99082008981
99082111944
99082400709
99082805466
99091600745
99091808125
99092110822
99092111462
99092804905
99093000346
99100405462
99100614509
99100908766
99101504545
99102501230
99103013581
99110409377
99111605447
99112310580
99112412065
99112800146
99120200182
99121300946
